1722187210.3239179 446
1722187212.3268054 445
1722187214.329805 447
1722187216.3309627 442
1722187218.333799 441
1722187220.336392 445
1722187222.33912 447
1722187224.341907 450
1722187226.3446777 448
1722187228.3474252 444
1722187230.350063 445
1722187232.3528707 444
1722187234.3556664 443
1722187236.3581605 442
1722187238.3609676 448
1722187240.363715 445
1722187242.366457 442
1722187244.3689976 443
1722187246.371825 445
1722187248.3743565 443
1722187250.3769412 442
1722187252.379707 441
1722187254.3822093 444
1722187256.3847866 442
1722187258.3874795 441
1722187260.3890028 443
1722187262.391775 443
1722187264.3943465 445
1722187266.3971164 430
1722187268.3995574 441
1722187270.4008255 440
1722187272.4032815 446
1722187274.4043517 447
1722187276.4069722 449
1722187278.4098413 437
1722187280.4126544 4
1722187282.415425 39
1722187284.4182632 40
1722187286.4209664 46
1722187288.423761 409
1722187290.4266903 451
1722187292.4295385 440
1722187294.4329464 442
1722187296.4357796 443
1722187298.4385443 443
1722187300.4412115 435
1722187302.4447389 443
1722187304.4475965 444
1722187306.4503832 441
1722187308.453677 441
1722187310.4568594 441
1722187312.459674 438
1722187314.4623528 441
1722187316.4649696 441
1722187318.46613 440
1722187320.468824 441
1722187322.4714732 441
1722187324.4738417 442
1722187326.4766464 439
1722187328.4795942 442
1722187330.4824076 443
1722187332.4852676 440
1722187334.4880793 441
1722187336.4908812 442
1722187338.4923396 436
1722187340.4951184 442
1722187342.4965894 442
1722187344.4991522 436
1722187346.5004358 439
1722187348.503216 441
1722187350.5046458 440
1722187352.5072103 440
1722187354.5100217 439
1722187356.5125225 443
1722187358.5154395 442
1722187360.5187685 439
1722187362.5220258 442
1722187364.5246165 439
1722187366.5273802 441
1722187368.529872 443
1722187370.5328076 437
1722187372.5352778 440
1722187374.5366244 441
1722187376.5394838 437
1722187378.540736 440
1722187380.543569 435
1722187382.5450776 440
1722187384.5476854 440
1722187386.5482876 437
1722187388.5510814 437
1722187390.5538774 441
1722187392.5566862 438
1722187394.5596478 437
1722187396.5625687 438
1722187398.5652728 440
1722187400.5680275 440
1722187402.5708966 440
1722187404.573699 437
1722187406.5763698 439
1722187408.5789282 439
1722187410.5819707 440
1722187412.58458 440
1722187414.5873952 437
1722187416.589926 438
1722187418.592866 435
1722187420.5957913 438
1722187422.5987236 435
1722187424.6007102 441
1722187426.6016226 452
1722187428.6044796 439
1722187430.6071765 439
1722187432.6086516 439
1722187434.6114564 438
1722187436.6142497 437
1722187438.616284 437
1722187440.619175 441
1722187442.622098 434
1722187444.6246374 434
1722187446.627455 438
1722187448.630003 433
1722187450.6326835 440
1722187452.6355011 438
1722187454.6367347 437
1722187456.6392243 435
1722187458.6420312 438
1722187460.6432521 440
1722187462.6460965 438
1722187464.6486907 441
1722187466.6513724 438
1722187468.6538165 438
1722187470.6566758 438
1722187472.6592975 437
1722187474.662153 440
1722187476.6649544 438
1722187478.6677163 437
1722187480.6704462 433
1722187482.6732426 438
1722187484.676012 439
1722187486.678829 433
1722187488.6815934 434
1722187490.6844084 435
1722187492.68714 435
1722187494.6898372 436
1722187496.692973 434
1722187498.6959538 438
1722187500.6985195 436
1722187502.70127 436
1722187504.7041214 437
1722187506.706964 433
1722187508.708329 436
1722187510.7111044 436
1722187512.7126787 432
1722187514.715478 435
1722187516.7171195 435
1722187518.719785 437
1722187520.7225413 436
1722187522.7254553 437
1722187524.7282035 439
1722187526.7308745 437
1722187528.7333937 435
1722187530.736122 440
1722187532.7388573 435
1722187534.7416403 434
1722187536.7443037 436
1722187538.74709 437
1722187540.749904 433
1722187542.75269 435
1722187544.7554023 434
1722187546.7580943 436
1722187548.7609859 432
1722187550.763752 436
1722187552.7664938 431
1722187554.768358 434
1722187556.7712042 436
1722187558.7739975 432
1722187560.7766292 434
1722187562.779429 436
1722187564.7822645 435
1722187566.785678 434
1722187568.7881157 437
1722187570.7910109 436
1722187572.7922761 432
1722187574.7947085 433
1722187576.795398 438
1722187578.7980225 434
1722187580.8006837 435
1722187582.8034792 437
1722187584.8061187 434
1722187586.8084762 435
1722187588.8113248 433
1722187590.8129938 433
1722187592.815572 434
1722187594.8183403 435
1722187596.8211484 434
1722187598.824003 431
1722187600.826766 439
1722187602.8283808 436
1722187604.8310986 434
1722187606.8338664 436
1722187608.8367817 436
1722187610.839403 434
1722187612.8421595 434
1722187614.8450456 434
1722187616.8479447 436
1722187618.8504653 434
1722187620.8533099 433
1722187622.8561242 436
1722187624.8589058 433
1722187626.8617015 433
1722187628.8642507 433
1722187630.8670511 435
1722187632.8698933 435
1722187634.87247 436
1722187636.8752441 438
1722187638.8780456 433
1722187640.8806365 433
1722187642.88312 433
1722187644.8864145 435
1722187646.8888817 434
1722187648.891623 436
1722187650.8943095 432
1722187652.8967612 432
1722187654.8994918 436
1722187656.902254 436
1722187658.9047925 429
1722187660.9076324 433
1722187662.910231 433
1722187664.9130087 430
1722187666.9157317 435
1722187668.918549 433
1722187670.9212847 435
1722187672.9240217 434
1722187674.9269083 431
1722187676.9295058 433
1722187678.9317482 432
1722187680.9342694 433
1722187682.937079 436
1722187684.9398167 434
1722187686.9426644 431
1722187688.9446135 435
1722187690.947235 431
1722187692.9497292 433
1722187694.9524548 435
1722187696.9552274 431
1722187698.9579313 436
1722187700.9604974 434
1722187702.96297 434
1722187704.9657867 431
1722187706.968286 434
1722187708.9709013 434
1722187710.9734528 432
1722187712.9762967 431
1722187714.979132 430
1722187716.9819465 434
1722187718.9845836 435
1722187720.9873142 433
1722187722.9901178 435
1722187724.9925847 434
1722187726.9953578 432
1722187728.998081 434
1722187731.000654 432
1722187733.0033798 433
1722187735.0058408 431
1722187737.0085535 431
1722187739.011359 432
1722187741.0139368 432
1722187743.0163789 434
1722187745.0191154 433
1722187747.0210361 432
1722187749.023662 434
1722187751.0266507 434
1722187753.0294604 432
1722187755.0320015 435
1722187757.0347989 432
1722187759.0363894 432
1722187761.0391598 435
1722187763.041947 431
1722187765.044702 430
1722187767.047193 428
1722187769.049964 428
1722187771.0526211 435
1722187773.0554051 431
1722187775.0579093 433
1722187777.0604064 431
1722187779.0632632 430
1722187781.066043 433
1722187783.0688365 434
1722187785.071618 431
1722187787.074446 433
1722187789.0773888 430
1722187791.08029 431
1722187793.0831397 431
1722187795.085632 430
1722187797.0884488 435
1722187799.091222 430
1722187801.094685 433
1722187803.0974865 430
1722187805.100262 430
1722187807.1028135 432
1722187809.1058025 430
1722187927.4773939 446
1722187929.4802153 381
1722187931.482881 433
1722187933.485734 426
1722187935.4885437 427
1722187937.4914346 430
1722187939.492457 427
1722187941.4953084 426
1722187943.4963212 428
1722187945.498397 427
1722187947.5003347 428
1722187949.5031095 428
1722187951.50561 431
1722187953.508409 426
1722187955.5111897 428
1722187957.513986 428
1722187959.5164833 431
1722187961.519246 432
1722187963.5220332 431
1722187965.5245812 429
1722187967.5271196 430
1722187969.5297058 429
1722187971.5322592 429
1722187973.5348024 431
1722187975.5375767 426
1722187977.5401452 432
1722187979.5428183 427
1722187981.5456033 431
1722187983.5483894 427
1722187985.551208 428
1722187987.5539975 428
1722187989.5563874 427
1722187991.559148 427
1722187993.5617857 426
1722187995.5643106 428
1722187997.5668228 429
1722187999.568309 426
1722188001.5710866 430
1722188003.5735862 428
1722188005.576126 430
1722188007.5786147 430
1722188009.5815496 430
1722188011.5841773 430
1722188013.5870504 426
1722188015.5899074 425
1722188017.5923862 427
1722188019.595159 427
1722188021.5967455 427
1722188023.5996757 426
1722188025.602176 432
1722188027.604605 428
1722188029.6075332 426
1722188031.6101017 427
1722188033.6126702 428
1722188035.6152537 428
1722188037.6178863 424
1722188039.6207001 426
1722188041.623301 424
1722188043.6266944 427
1722188045.6285083 428
1722188047.631305 426
1722188049.6341522 428
1722188051.6365972 423
1722188053.6391876 427
1722188055.641945 430
1722188057.6446326 429
1722188059.6463509 426
1722188061.6491156 427
1722188063.6517246 426
1722188065.654454 426
1722188067.6572301 427
1722188069.6600544 429
1722188071.6627219 423
1722188073.6655219 427
1722188075.6684914 432
1722188077.6712816 428
1722188079.6741445 425
1722188081.6771188 428
1722188083.6799505 429
1722188085.6825926 425
1722188087.685476 428
1722188089.6882873 426
1722188091.6910985 426
1722188093.6923645 424
1722188095.6951573 423
1722188097.6979656 426
1722188099.700449 431
1722188101.7029653 423
1722188103.7057524 427
1722188105.7084131 427
1722188107.7111924 425
1722188109.7137544 426
1722188111.7165747 426
1722188113.719473 425
1722188115.7222779 426
1722188117.7252557 422
1722188119.7280703 427
1722188121.7307122 427
1722188123.7332702 426
1722188125.7359283 423
1722188127.738632 424
1722188129.7406313 425
1722188131.7411244 428
1722188133.7440138 427
1722188135.7468324 424
1722188137.7494438 425
1722188139.7520201 425
1722188141.7548268 429
1722188143.7573051 422
1722188145.7601287 426
1722188147.76271 427
1722188149.7655134 424
1722188151.7682135 423
1722188153.77102 426
1722188155.773833 423
1722188157.7763746 426
1722188159.7791746 422
1722188161.7817204 429
1722188163.7843394 426
1722188165.7867875 424
1722188167.7896304 426
1722188169.792437 426
1722188171.7952538 426
1722188173.7980735 422
1722188175.8008845 424
1722188177.8036673 425
1722188179.806204 420
1722188181.8087857 424
1722188183.8115933 426
1722188185.8144078 421
1722188187.8163803 424
1722188189.8191595 424
1722188191.8219924 423
1722188193.8245296 425
1722188195.8273354 426
1722188197.8301766 424
1722188199.8329916 424
1722188201.8358145 425
1722188203.8392448 425
1722188205.8420346 422
1722188207.8448498 423
1722188209.84741 424
1722188211.8499963 424
1722188213.8526173 421
1722188215.8551946 422
1722188217.8579657 424
1722188219.8607948 425
1722188221.8633153 427
1722188223.8661385 424
1722188225.868342 424
1722188227.8711498 421
1722188229.8727057 425
1722188231.8754823 425
1722188233.8769515 424
1722188235.879734 424
1722188237.880318 424
1722188239.883111 424
1722188241.8846602 420
1722188243.887444 422
1722188245.8900201 422
1722188247.8925543 425
1722188249.895489 425
1722188251.8980277 424
1722188253.900857 421
1722188255.9037077 424
1722188257.9064884 422
1722188259.9092913 422
1722188261.9119127 424
1722188263.9125566 426
1722188265.915243 424
1722188267.9177008 420
1722188269.9204164 426
1722188271.923644 420
1722188273.9264145 420
1722188275.928333 420
1722188277.931094 422
1722188279.933631 424
1722188281.9364915 424
1722188283.9373944 424
1722188285.9399474 422
1722188287.940642 427
1722188289.9432364 421
1722188291.9458332 424
1722188293.9484782 422
1722188295.9512985 422
1722188297.9538674 420
1722188299.9564095 423
1722188301.9591749 421
1722188303.961636 423
1722188305.9641328 422
1722188307.9667623 418
1722188309.9692633 424
1722188311.9718797 422
1722188313.9746506 420
1722188315.9776313 417
1722188317.9800591 421
1722188319.9828374 422
1722188321.9846532 421
1722188323.9874384 423
1722188325.9902394 422
1722188327.9929936 421
1722188329.9957583 421
1722188331.996352 422
1722188333.9988778 423
1722188336.001774 423
1722188338.0045817 421
1722188340.0071018 423
1722188342.0099025 421
1722188344.0124636 423
1722188346.01524 424
1722188348.0180283 420
1722188350.0208411 419
1722188352.0234396 423
1722188354.0259304 419
1722188356.0286448 417
1722188358.0312293 422
1722188360.0323546 424
1722188362.035125 420
1722188364.0364966 419
1722188366.0392942 420
1722188368.0421114 422
1722188370.044381 419
1722188372.0470939 419
1722188374.0484343 422
1722188376.051223 418
1722188378.053781 421
1722188380.0566418 420
1722188382.0590992 422
1722188384.060684 418
1722188386.0634842 420
1722188388.0659683 424
1722188390.0687037 422
1722188392.0715313 416
1722188394.0742524 417
1722188396.0768197 420
1722188398.0796144 420
1722188400.0824947 420
1722188402.085327 418
1722188404.0880804 421
1722188406.0908928 418
1722188408.0934026 419
1722188410.0959122 421
1722188412.0985148 419
1722188414.1011806 423
1722188416.1041229 419
1722188418.1067176 416
1722188420.1096745 416
1722188422.1124492 418
1722188424.1152432 421
1722188426.1165473 420
1722188428.119157 420
1722188430.1220856 424
1722188432.1243317 421
1722188434.1271389 418
1722188436.130509 419
1722188438.1334152 421
1722188440.1361296 417
1722188442.1389387 421
1722188444.1404111 416
1722188446.1431158 420
1722188448.14602 419
1722188450.1485581 417
1722188452.1512427 419
1722188454.1540155 417
1722188456.1569173 417
1722188458.1594107 422
1722188460.1620183 416
1722188462.164551 418
1722188464.1671095 418
1722188466.1696703 421
1722188468.1724977 418
1722188470.1753657 421
1722188472.1779091 419
1722188474.180646 416
1722188476.183452 419
1722188478.186026 417
1722188480.1887188 420
1722188482.1912718 419
1722188484.194177 418
1722188486.1969562 420
1722188488.1997058 414
1722188490.202466 417
1722188492.2052033 415
1722188494.208109 418
1722188496.2110324 420
1722188498.2136261 416
1722188500.2161226 416
1722188502.2189975 418
1722188504.2203748 419
1722188506.2231436 419
1722188508.2243533 417
1722188510.2272084 417
1722188512.2300751 418
1722188514.2328682 418
1722188516.23553 417
1722188518.2383382 416
1722188520.2406313 418
1722188522.2434206 418
1722188524.2462487 420
1722188526.2485266 417
1722188528.251279 416
1722188530.254075 417
1722188532.2567887 417
1722188534.2596273 418
1722188536.2625566 418
1722188538.26569 417
1722188540.2684877 416
1722188542.271399 418
1722188544.2722795 416
1722188546.2751994 416
1722188548.2779834 419
1722188550.2806172 418
1722188552.2830696 417
1722188554.2843292 419
1722188556.2871013 418
1722188558.2898679 415
1722188560.2927458 415
1722188562.2955966 415
1722188564.297295 419
1722188566.2998126 415
1722188568.3025599 419
1722188570.305481 418
1722188572.3083038 416
1722188574.3108718 415
1722188576.31349 417
1722188578.3160563 412
1722188580.318571 418
1722188582.321382 417
1722188584.3240032 413
1722188586.3246655 417
1722188588.327466 414
1722188590.3300672 418
1722188592.3322928 416
1722188594.3350828 416
1722188596.3380225 415
1722188598.340713 413
1722188600.3431928 413
1722188602.34603 413
1722188604.3487499 417
1722188606.3515162 418
1722188608.3542745 416
1722188610.3570983 414
1722188612.359905 417
1722188614.3606255 415
1722188616.363409 412
1722188618.3646762 413
1722188620.3675542 417
1722188622.3700101 418
1722188624.372641 417
1722188626.3751054 416
1722188628.3763332 415
1722188630.3791213 412
1722188632.3819146 414
1722188634.3846502 412
1722188636.3874097 413
1722188638.3901484 415
1722188640.393066 415
1722188642.3961272 412
1722188644.3988585 416
1722188646.4015453 414
1722188648.4043677 412
1722188650.4073234 411
1722188652.4099395 412
1722188654.4126444 417
1722188656.4153378 413
1722188658.4181068 416
1722188660.4209056 416
1722188662.4235013 413
1722188664.4265113 418
1722188666.4292815 416
1722188668.4319315 417
1722188670.4347017 415
1722188672.4363868 415
1722188674.4391897 418
1722188676.4419427 413
1722188678.4448478 412
1722188680.447617 411
1722188682.450382 414
1722188684.4531722 417
1722188686.4558175 416
1722188688.4586644 415
1722188690.4614635 415
1722188692.4642408 414
1722188694.4666615 415
1722188696.468644 415
1722188698.4713001 412
1722188700.4741006 410
1722188702.476936 410
1722188704.4797425 413
1722188706.4826355 413
1722188708.4853787 412
1722188710.4883451 414
1722188712.4912367 410
1722188714.494359 412
1722188716.497173 416
1722188718.4997773 412
1722188720.502618 408
1722188722.5053933 414
1722188724.5082278 413
1722188726.5110178 411
1722188728.513911 413
1722188730.516432 413
1722188732.5193367 414
1722188734.5220973 415
1722188736.5245726 413
1722188738.5273545 411
1722188740.530242 411
1722188742.532809 412
1722188744.5355067 413
1722188746.5368123 414
1722188748.539526 413
1722188750.5421126 414
1722188752.5446694 409
1722188754.5474885 411
1722188756.5504146 413
1722188758.553114 415
1722188760.5559518 412
1722188762.5584443 413
1722188764.5609622 413
1722188766.5637946 410
1722188768.566609 411
1722188770.56921 412
1722188772.5716615 411
1722188774.5744789 411
1722188776.5772898 412
1722188778.5801046 414
1722188780.582654 408
1722188782.5842948 413
1722188784.5871603 416
1722188786.5899084 412
1722188788.5927143 410
1722188790.5954611 414
1722188792.5979989 412
1722188794.6007278 412
1722188796.6035151 408
1722188798.6063507 412
1722188800.6098783 413
1722188802.612522 411
1722188804.6153014 410
1722188806.6180682 405
1722188808.6210296 411
1722188810.6238928 411
1722188812.6266081 410
1722188814.6293209 407
1722188816.6320755 410
1722188818.6351502 411
1722188820.636661 408
1722188822.6395695 410
1722188824.6423342 408
1722188826.644601 414
1722188828.6473775 411
1722188830.6484945 412
1722188832.6513038 410
1722188834.654109 407
1722188836.656919 410
1722188838.6596925 412
1722188840.6624813 409
1722188842.6652691 411
1722188844.668093 408
1722188846.6706636 411
1722188848.673435 408
1722188850.6762478 409
1722188852.6788313 408
1722188854.681648 412
1722188856.68445 410
1722188858.6872952 408
1722188860.6901553 410
1722188862.692934 409
1722188864.6958556 413
1722188866.6987128 411
1722188868.7015817 407
1722188870.704063 408
1722188872.7066534 408
1722188874.7094676 409
1722188876.7122216 412
1722188878.7147715 406
1722188880.7166893 409
1722188882.7191012 411
1722188884.7219477 406
1722188886.7247934 409
1722188888.7275429 409
1722188890.7303429 409
1722188892.7336478 404
1722188894.736267 405
1722188896.7391696 409
1722188898.7401626 412
1722188900.7428493 409
1722188902.746158 411
1722188904.7487054 408
1722188906.751484 408
1722188908.7544327 409
1722188910.757179 408
1722188912.7596123 409
1722188914.7623453 404
1722188916.7651575 407
1722188918.7679331 408
1722188920.7707117 407
1722188922.773514 409
1722188924.776369 412
1722188926.7789948 412
1722188928.7817533 408
1722188930.7844217 406
1722188932.786858 407
1722188934.7896576 410
1722188936.7925549 407
1722188938.795314 403
1722188940.7980692 408
1722188942.8006895 407
1722188944.8034873 409
1722188946.8060076 409
1722188948.8085964 407
1722188950.811519 408
1722188952.8146572 405
1722188954.8176303 405
1722188956.8202746 408
1722188958.8227477 408
1722188960.8252065 410
1722188962.827887 408
1722188964.8305357 412
1722188966.8329756 406
1722188968.8356938 405
1722188970.8382967 407
1722188972.8404377 409
1722188974.8432617 403
1722188976.8459978 408
1722188978.8486264 409
1722188980.851168 405
1722188982.8539197 407
1722188984.85698 409
1722188986.859859 408
1722188988.86282 407
1722188990.8656082 404
1722188992.8682442 407
1722188994.8710382 405
1722188996.8738132 405
1722188998.8768146 407
1722189000.8797147 403
1722189002.8825912 407
1722189004.885139 407
1722189006.8879545 405
1722189008.8907351 407
1722189010.8925757 404
1722189012.8954756 405
1722189014.89825 404
1722189016.9009888 408
1722189018.9036152 409
1722189020.906359 407
1722189022.908965 405
1722189024.9117894 408
1722189026.9126067 406
1722189028.9153903 407
1722189030.9166965 404
1722189032.9192715 407
1722189034.9203384 408
1722189036.9230728 404
1722189038.9257705 401
1722189040.9282112 406
1722189042.9310105 403
1722189044.9325383 405
1722189046.935298 404
1722189048.9363854 405
1722189050.9392767 405
1722189052.9403071 406
1722189054.94302 408
1722189056.9459496 401
1722189058.9487848 405
1722189060.9514608 405
1722189062.9542084 406
1722189064.9567642 403
1722189066.9592257 404
1722189068.9616888 402
1722189070.9649742 405
1722189072.96799 405
1722189074.9704614 403
1722189076.9726331 407
1722189078.9754744 404
1722189080.9776497 405
1722189082.9804559 402
1722189084.9833772 403
1722189086.9861517 406
1722189088.9887214 407
1722189090.9914978 404
1722189092.993581 402
1722189094.9962163 406
1722189096.9990273 402
1722189099.0018156 402
1722189101.0045085 406
1722189103.0073206 405
1722189105.0101533 405
1722189107.0131161 404
1722189109.015951 402
1722189111.0187387 406
1722189113.021378 403
1722189115.0238962 405
1722189117.0267074 399
1722189119.0286884 406
1722189121.031208 403
1722189123.0341318 404
1722189125.0366585 404
1722189127.0394335 399
1722189129.0420163 405
1722189131.0447125 405
1722189133.0475202 404
1722189135.0503309 402
1722189137.0531921 402
1722189139.0559974 403
1722189141.058535 403
1722189143.0613534 400
1722189145.0641088 401
1722189147.066899 403
1722189149.0696046 404
1722189151.0724213 404
1722189153.0752153 403
1722189155.0780256 403
1722189157.0808935 401
1722189159.0836256 401
1722189161.0862827 401
1722189163.089193 402
1722189165.092066 400
1722189167.094994 401
1722189169.0978456 405
1722189171.1007545 400
1722189173.1018002 401
1722189175.1044095 405
1722189177.1058974 401
1722189179.1083624 399
1722189181.1110263 404
1722189183.1136682 400
1722189185.116433 399
1722189187.1191735 401
1722189189.1220474 400
1722189191.1246126 403
1722189193.127393 402
1722189195.1300387 400
1722189197.1324747 403
1722189199.13506 400
1722189201.1367438 402
1722189203.1395388 402
1722189205.14087 401
1722189207.143706 397
1722189209.1466439 398
1722189211.148626 404
1722189213.1513398 398
1722189215.154175 402
1722189217.1554203 402
1722189219.1567523 399
1722189221.159684 401
1722189223.1625495 400
1722189225.1654189 402
1722189227.168213 402
1722189229.1708908 400
1722189231.173768 400
1722189233.1765444 399
1722189235.1794245 399
1722189237.1820745 397
1722189239.1846454 402
1722189241.187655 400
1722189243.1884623 399
1722189245.1912076 399
1722189247.193963 397
1722189249.1965125 399
1722189251.1990454 400
1722189253.2022703 398
1722189255.204699 399
1722189257.2072313 401
1722189259.2098053 401
1722189261.212907 398
1722189263.2155766 398
1722189265.218587 400
1722189267.2213454 400
1722189269.2241063 399
1722189271.227259 399
1722189273.2300706 402
1722189275.2328587 394
1722189277.2356412 396
1722189279.2389617 400
1722189281.2421103 399
1722189283.2452874 400
1722189285.2480721 399
1722189287.2507834 398
1722189289.2535708 398
1722189291.2564747 398
1722189293.2592423 397
1722189295.2619903 401
1722189297.264493 395
1722189299.2674053 397
1722189301.2703133 400
1722189303.2729902 401
1722189305.2760081 399
1722189307.2784505 397
1722189309.2812243 397
1722189311.2840104 399
1722189313.2868028 398
1722189315.2896235 396
1722189317.292417 398
1722189319.2950869 400
1722189321.2978342 397
1722189323.3011699 399
1722189325.3040452 394
1722189327.3045676 396
1722189329.3072503 396
1722189331.3101203 395
1722189333.312646 398
1722189335.3153815 396
1722189337.3180163 396
1722189339.3205028 397
1722189341.3231978 398
1722189343.3243165 398
1722189345.3274171 396
1722189347.3293238 396
1722189349.3320777 398
1722189351.3348851 395
1722189353.3380823 401
1722189355.3408473 394
1722189357.3435552 395
1722189359.346194 396
1722189361.34865 396
1722189363.3516057 398
1722189365.3545341 399
1722189367.357767 396
1722189369.3605607 399
1722189371.3631704 400
1722189373.3659823 396
1722189375.3688147 402
1722189377.371544 393
1722189379.3746161 396
1722189381.3766553 395
1722189383.3792794 397
1722189385.3821719 399
1722189387.384766 398
1722189389.3875022 397
1722189391.3900166 397
1722189393.3924851 393
1722189395.3952188 395
1722189397.3979638 399
1722189399.4011116 396
1722189401.4037704 394
1722189403.4067044 395
1722189405.4094067 393
1722189407.4121032 396
1722189409.4150417 394
1722189411.4178534 399
1722189413.4204073 396
1722189415.4232254 395
1722189417.4258456 394
1722189419.4286478 390
1722189421.4315012 396
1722189423.4342277 396
1722189425.4370215 394
1722189427.4396493 392
1722189429.442643 396
1722189431.4453154 390
1722189433.448104 396
1722189435.4508066 392
1722189437.4538598 392
1722189439.4566658 394
1722189441.4594693 392
1722189443.4619606 391
1722189445.4644983 395
1722189447.4673154 395
1722189449.4706008 396
1722189451.473393 392
1722189453.4759843 395
1722189455.4786143 392
1722189457.481414 391
1722189459.4841604 395
1722189461.4869883 389
1722189463.4898062 396
1722189465.4923358 393
1722189467.495138 390
1722189469.4979908 389
1722189471.5011523 390
1722189473.50409 393
1722189475.506861 393
1722189477.5097935 393
1722189479.5126355 395
1722189481.515361 393
1722189483.5181763 390
1722189485.5209746 391
1722189487.5238128 392
1722189489.5267165 392
1722189491.5292969 391
1722189493.532036 391
1722189495.5346754 391
1722189497.5376527 393
1722189499.5405877 393
1722189501.543424 394
1722189503.5462513 393
1722189505.5490732 391
1722189507.551852 389
1722189509.554715 391
1722189511.557492 390
1722189513.5604095 395
1722189515.5634754 390
1722189517.5664632 394
1722189519.5691535 391
1722189521.5719335 388
1722189523.574715 389
1722189525.5775204 390
1722189527.5800748 386
1722189529.5828626 390
1722189531.5856156 392
1722189533.5884068 391
1722189535.5911436 391
1722189537.5943792 391
1722189539.5968807 391
1722189541.5994604 392
1722189543.6018922 390
1722189545.6053631 392
1722189547.6081986 386
1722189549.6109076 387
1722189551.6134367 392
1722189553.616271 390
1722189555.6190288 389
1722189557.62059 390
1722189559.623142 391
1722189561.6247122 390
1722189563.6271517 390
1722189565.629591 390
1722189567.632413 390
1722189569.63327 386
1722189571.6360524 387
1722189573.638839 392
1722189575.6412945 389
1722189577.6444173 388
1722189579.6472392 388
1722189581.6500134 389
1722189583.6526372 389
1722189585.6554048 385
1722189587.65828 385
1722189589.661126 390
1722189591.6638134 388
1722189593.6665432 385
1722189595.6693358 388
1722189597.6719265 386
1722189599.674684 388
1722189601.677473 386
1722189603.6799624 387
1722189605.6827376 385
1722189607.6855164 388
1722189609.6883004 389
1722189611.6909738 387
1722189613.6937459 387
1722189615.6965673 386
1722189617.6992877 388
1722189619.7020466 385
1722189621.7051651 386
1722189623.7077572 389
1722189625.7096872 387
1722189627.7124453 381
1722189629.7151828 385
1722189631.717258 387
1722189633.7197776 388
1722189635.7227805 388
1722189637.7255528 387
1722189639.7274747 387
1722189641.730257 384
1722189643.7327895 387
1722189645.735665 388
1722189647.7386298 388
1722189649.7406142 386
1722189651.743231 387
1722189653.7460163 388
1722189655.7487886 383
1722189657.7494962 384
1722189659.7523804 387
1722189661.7553182 381
1722189663.7581847 386
1722189665.7607415 386
1722189667.7635725 385
1722189669.7646065 384
1722189671.7671263 385
1722189673.7704115 385
1722189675.773469 386
1722189677.7762291 383
1722189679.7791066 384
1722189681.7818947 383
1722189683.7846067 382
1722189685.7874227 387
1722189687.7902508 386
1722189689.7930286 384
1722189691.7959545 381
1722189693.7989464 386
1722189695.8018458 386
1722189697.8045537 381
1722189699.807358 384
1722189701.8101363 387
1722189703.8129346 382
1722189705.8155925 385
1722189707.8183024 386
1722189709.8208337 384
1722189711.8233736 386
1722189713.8261883 383
1722189715.828778 385
1722189717.831644 384
1722189719.8340693 384
1722189721.836595 385
1722189723.839244 384
1722189725.8420153 384
1722189727.8446214 386
1722189729.8473108 381
1722189731.849862 383
1722189733.8526533 384
1722189735.8554568 386
1722189737.8582752 382
1722189739.8612285 385
1722189741.863751 385
1722189743.8664794 381
1722189745.8692462 382
1722189747.8720446 379
1722189749.874785 384
1722189751.8772655 383
1722189753.8797357 379
1722189755.8822727 382
1722189757.88501 385
1722189759.887526 384
1722189761.8903015 382
1722189763.892823 382
1722189765.8954294 383
1722189767.8987923 382
1722189769.9016054 384
1722189771.9044824 380
1722189773.9072778 381
1722189775.9100745 383
1722189777.9128735 382
1722189779.9156904 381
1722189781.9185882 384
1722189783.9213767 382
1722189785.9240952 378
1722189787.9274764 378
1722189789.9302566 380
1722189791.9330337 387
1722189793.9358058 379
1722189795.938576 382
1722189797.9414244 378
1722189799.9447572 382
1722189801.9473412 378
1722189803.9484942 381
1722189805.9514375 382
1722189807.9542634 379
1722189809.9569986 381
1722189811.9597297 383
1722189813.9624767 381
1722189815.9653327 381
1722189817.9680643 379
1722189819.9705515 379
1722189821.9725666 382
1722189823.9751081 378
1722189825.9777424 380
1722189827.980497 381
1722189829.9832602 381
1722189831.9860792 381
1722189833.9888973 381
1722189835.9917026 378
1722189837.9925156 379
1722189839.9951136 380
1722189841.9979017 374
1722189844.000243 377
1722189846.0031176 379
1722189848.0045764 376
1722189850.0073802 381
1722189852.0101354 380
1722189854.0126913 376
1722189856.0155993 378
1722189858.018389 380
1722189860.0211768 378
1722189862.0240092 379
1722189864.024677 380
1722189866.0271087 380
1722189868.0285337 378
1722189870.031029 380
1722189872.0323164 378
1722189874.0348716 380
1722189876.0374906 377
1722189878.0400825 380
1722189880.042898 377
1722189882.0455027 377
1722189884.0487096 378
1722189886.0515454 375
1722189888.0547695 380
1722189890.057541 379
1722189892.0603523 379
1722189894.0631204 379
1722189896.066103 378
1722189898.0686617 379
1722189900.07137 373
1722189902.074223 379
1722189904.0767977 378
1722189906.0796235 377
1722189908.0829756 380
1722189910.0860257 375
1722189912.088835 380
1722189914.0916843 378
1722189916.0944924 376
1722189918.0971901 376
1722189920.0996904 376
1722189922.1024904 377
1722189924.1052358 376
1722189926.107996 378
1722189928.1104395 380
1722189930.1129122 377
1722189932.1156995 377
1722189934.1188743 374
1722189936.1216812 378
1722189938.124137 377
1722189940.126563 379
1722189942.129447 378
1722189944.132744 376
1722189946.1355817 374
1722189948.138151 378
1722189950.1406114 377
1722189952.143384 376
1722189954.1465383 376
1722189956.1492672 377
1722189958.1521773 376
1722189960.1551147 375
1722189962.1579142 374
1722189964.1586938 376
1722189966.1615088 375
1722189968.1640177 375
1722189970.166811 377
1722189972.1695867 372
1722189974.1724873 375
1722189976.1754544 374
1722189978.1766286 374
1722189980.1793914 370
1722189982.182182 376
1722189984.185001 376
1722189986.1878066 374
1722189988.190306 376
1722189990.1931047 374
1722189992.1959195 373
1722189994.1987522 376
1722189996.2016604 374
1722189998.2044816 368
1722190000.2072537 374
1722190002.2086418 372
1722190004.2115576 375
1722190006.21231 371
1722190008.2151136 371
1722190010.217715 371
1722190012.2205143 375
1722190014.2234793 374
1722190016.2263372 374
1722190018.22864 372
1722190020.2314663 371
1722190022.2342973 372
1722190024.2372394 373
1722190026.2401457 371
1722190028.2427788 369
1722190030.2454693 374
1722190032.248291 373
1722190034.251176 372
1722190036.2526798 370
1722190038.2554822 373
1722190040.2583394 373
1722190042.2609444 373
1722190044.2634768 370
1722190046.266032 372
1722190048.2670717 377
1722190050.2679253 371
1722190052.2708788 372
1722190054.2738557 369
1722190056.2767816 374
1722190058.2795699 373
1722190060.2823713 370
1722190062.2851794 372
1722190064.2880406 370
1722190066.2908134 370
1722190068.293292 371
1722190070.2960098 374
1722190072.2987955 372
1722190074.3015752 370
1722190076.304481 371
1722190078.3071964 372
1722190080.3101122 370
1722190082.313104 371
1722190084.3159475 375
1722190086.3187313 370
1722190088.3206303 374
1722190090.3231814 370
1722190092.325633 371
1722190094.3284342 368
1722190096.3312256 372
1722190098.3340445 369
1722190100.3366349 366
1722190102.3392043 368
1722190104.342083 371
1722190106.3448732 369
1722190108.3475666 369
1722190110.3503063 370
1722190112.3529818 367
1722190114.3557732 367
1722190116.358541 372
1722190118.361131 366
1722190120.363925 368
1722190122.366701 371
1722190124.3695705 367
1722190126.372119 371
1722190128.3746614 369
1722190130.37738 367
1722190132.3798366 369
1722190134.382682 364
1722190136.3853977 370
1722190138.3881197 363
1722190140.3910313 371
1722190142.3935432 371
1722190144.3962758 368
1722190146.3991222 369
1722190148.4018447 368
1722190150.4044797 369
1722190152.4074898 363
1722190154.4103758 369
1722190156.4131212 365
1722190158.4159143 367
1722190160.4186327 368
1722190162.4214182 370
1722190164.4238977 363
1722190166.4264202 369
1722190168.4286377 366
1722190170.4314263 366
1722190172.4327211 368
1722190174.43552 367
1722190176.4383144 367
1722190178.4411118 367
1722190180.4440124 368
1722190182.4467962 367
1722190184.4489157 365
1722190186.4517264 366
1722190188.4544795 367
1722190190.4574907 364
1722190192.4587028 367
1722190194.4615672 369
1722190196.4644048 365
1722190198.4672408 365
1722190200.4702363 365
1722190202.4730418 363
1722190204.4758337 364
1722190206.4786956 368
1722190208.4806533 366
1722190210.4834692 367
1722190212.4862378 367
1722190214.4890344 368
1722190216.491672 364
1722190218.4945624 366
1722190220.497432 364
1722190222.5001712 366
1722190224.5029323 366
1722190226.505749 364
1722190228.5084383 366
1722190230.5113716 361
1722190232.5142622 362
1722190234.516843 366
1722190236.5196443 362
1722190238.5229332 368
1722190240.5257876 362
1722190242.5284083 366
1722190244.5311806 363
1722190246.5341015 366
1722190248.536688 363
1722190250.539465 361
1722190252.5423985 365
1722190254.5448349 361
1722190256.5475578 361
1722190258.5504153 362
1722190260.5527976 360
1722190262.5554833 363
1722190264.558108 360
1722190266.560757 365
1722190268.5633783 363
1722190270.565998 363
1722190272.5684664 363
1722190274.5711398 363
1722190276.5726726 362
1722190278.5754035 363
1722190280.5781302 365
1722190282.581341 363
1722190284.583903 364
1722190286.586837 361
1722190288.5892346 362
1722190290.591985 361
1722190292.5945475 361
1722190294.5972943 362
1722190296.6000988 358
1722190298.6028485 359
1722190300.6056106 361
1722190302.6084383 361
1722190304.6112218 360
1722190306.613965 361
1722190308.616486 365
1722190310.6191583 363
1722190312.6215322 362
1722190314.6239727 361
1722190316.6266894 360
1722190318.6294951 361
1722190320.632149 361
1722190322.6349232 359
1722190324.6376731 358
1722190326.640275 358
1722190328.6430104 358
1722190330.6453526 362
1722190332.6478884 359
1722190334.6505752 361
1722190336.6529963 361
1722190338.6557462 360
1722190340.658491 360
1722190342.661068 356
1722190344.663753 360
1722190346.6665213 359
1722190348.6691046 360
1722190350.6718462 357
1722190352.6744943 359
1722190354.6772618 360
1722190356.6799247 358
1722190358.6826856 358
1722190360.6852005 362
1722190362.6880112 360
1722190364.690743 361
1722190366.6934025 360
1722190368.696164 359
1722190370.698919 359
1722190372.7015915 361
1722190374.7043495 358
1722190376.706882 358
1722190378.7087536 358
1722190380.7112284 359
1722190382.7139075 360
1722190384.716551 360
1722190386.719323 358
1722190388.7219748 360
1722190390.7244244 356
1722190392.7269611 360
1722190394.7294328 354
1722190396.732087 354
1722190398.7327619 357
1722190400.735426 360
1722190402.7362912 361
1722190404.7387998 359
1722190406.7402933 357
1722190408.7429469 357
1722190410.7456741 360
1722190412.7482464 351
1722190414.750956 356
1722190416.7537568 359
1722190418.7564394 355
1722190420.7591362 356
1722190422.7619698 358
1722190424.7647178 357
1722190426.767523 356
1722190428.7685838 354
1722190430.7713704 354
1722190432.7740695 355
1722190434.7768881 356
1722190436.7796052 355
1722190438.7821817 355
1722190440.7846084 355
1722190442.7873745 353
1722190444.7905145 358
1722190446.793223 356
1722190448.794482 355
1722190450.797232 356
1722190452.8000095 355
1722190454.8031728 355
1722190456.805971 352
1722190458.8083737 354
1722190460.8110309 354
1722190462.8134358 352
1722190464.81612 355
1722190466.818872 353
1722190468.8204231 356
1722190470.8231583 356
1722190472.8246439 355
1722190474.8273985 355
1722190476.8301785 354
1722190478.8329976 355
1722190480.835794 356
1722190482.8387156 353
1722190484.8417468 349
1722190486.844525 354
1722190488.8472455 351
1722190490.850101 356
1722190492.8527153 353
1722190494.8554945 353
1722190496.8582914 351
1722190498.8606682 352
1722190500.8634064 356
1722190502.866274 351
1722190504.8695571 350
1722190506.8723779 354
1722190508.8748229 354
1722190510.8768156 351
1722190512.8797262 353
1722190514.883069 353
1722190516.885822 350
1722190518.8887396 355
1722190520.8915226 351
1722190522.894288 349
1722190524.8970547 354
1722190526.8989277 353
1722190528.9013562 353
1722190530.9039218 351
1722190532.904506 352
1722190534.9072735 352
1722190536.91003 354
1722190538.9126241 352
1722190540.9154902 350
1722190542.918059 348
1722190544.9208434 353
1722190546.923647 351
1722190548.9263682 353
1722190550.9292219 351
1722190552.9320126 347
1722190554.9347913 350
1722190556.937523 354
1722190558.940305 348
1722190560.9430723 351
1722190562.9446242 350
1722190564.9472077 352
1722190566.9496977 351
1722190568.9525034 350
1722190570.9552257 354
1722190572.9565213 346
1722190574.9593642 349
1722190576.9621587 353
1722190578.9648633 350
1722190580.967451 349
1722190582.9702735 349
1722190584.973055 352
1722190586.9759269 347
1722190588.9785914 347
1722190590.9814405 349
1722190592.9841633 346
1722190594.987022 347
1722190596.9896557 345
1722190598.9924414 348
1722190600.995014 347
1722190602.9965887 351
1722190604.9993687 349
1722190607.002142 351
1722190609.0046287 351
1722190611.0074189 349
1722190613.0102155 349
1722190615.0127935 352
1722190617.0152256 351
1722190619.017811 348
1722190621.0203276 348
1722190623.02311 345
1722190625.0258884 349
1722190627.0286124 349
1722190629.031356 348
1722190631.0342324 346
1722190633.0367482 349
1722190635.0393398 348
1722190637.0421898 349
1722190639.0446694 346
1722190641.0474718 348
1722190643.0502446 346
1722190645.0529866 348
1722190647.055641 347
1722190649.0562494 344
1722190651.059086 347
1722190653.061606 345
1722190655.0641162 346
1722190657.0668557 348
1722190659.068628 347
1722190661.071286 348
1722190663.0740585 348
1722190665.076669 345
1722190667.079447 348
1722190669.0822518 347
1722190671.0850177 344
1722190673.087809 345
1722190675.0907292 347
1722190677.0927181 346
1722190679.0954742 344
1722190681.098296 348
1722190683.101148 347
1722190685.102088 348
1722190687.1048422 344
1722190689.1080706 348
1722190691.110844 343
1722190693.113481 346
1722190695.116196 344
1722190697.1191032 343
1722190699.1210063 345
1722190701.1237855 343
1722190703.126588 339
1722190705.1293771 344
1722190707.1319876 346
1722190709.134625 345
1722190711.1373887 342
1722190713.1403072 345
1722190715.1428359 345
1722190717.1456354 343
1722190719.148397 345
1722190721.151499 345
1722190723.1542625 345
1722190725.1570425 345
1722190727.1598327 346
1722190729.1603448 344
1722190731.1628828 343
1722190733.1643362 346
1722190735.1672137 345
1722190737.1686478 344
1722190739.1715698 342
1722190741.1743455 345
1722190743.176858 345
1722190745.179715 343
1722190747.1806374 342
1722190749.1835203 340
1722190751.1842644 344
1722190753.1870499 343
1722190755.1897583 337
1722190757.192578 341
1722190759.195339 341
1722190761.196627 342
1722190763.1994128 344
1722190765.2022274 343
1722190767.2050316 341
1722190769.207624 342
1722190771.2104065 343
1722190773.2129326 345
1722190775.2156606 342
1722190777.2184622 342
1722190779.22122 339
1722190781.2237427 342
1722190783.2262151 341
1722190785.22902 345
1722190787.2318523 343
1722190789.2347155 339
1722190791.2375538 342
1722190793.2403066 337
1722190795.2431371 344
1722190797.245946 339
1722190799.2486806 346
1722190801.2514675 340
1722190803.2542038 343
1722190805.2567956 342
1722190807.259577 339
1722190809.262371 339
1722190811.2652376 337
1722190813.2681339 342
1722190815.270979 339
1722190817.2737675 342
1722190819.2763786 342
1722190821.2792137 337
1722190823.2816975 340
1722190825.2847393 338
1722190827.2876549 341
1722190829.2883203 339
1722190831.2911372 335
1722190833.2941034 339
1722190835.296706 338
1722190837.2994952 339
1722190839.3020704 337
1722190841.304851 339
1722190843.3076904 341
1722190845.308267 338
1722190847.3108811 337
1722190849.3138037 339
1722190851.316585 339
1722190853.319205 337
1722190855.3219812 339
1722190857.3246608 335
1722190859.3274581 337
1722190861.3302512 340
1722190863.333082 338
1722190865.335846 337
1722190867.3386502 335
1722190869.3406336 337
1722190871.343406 337
1722190873.345853 339
1722190875.3484552 336
1722190877.3512168 337
1722190879.3539865 336
1722190881.356399 336
1722190883.359275 338
1722190885.3620555 335
1722190887.365196 335
1722190889.367688 337
1722190891.3701098 335
1722190893.372548 334
1722190895.3751924 335
1722190897.3762815 333
1722190899.3787317 336
1722190901.3804276 335
1722190903.3828628 336
1722190905.384613 336
1722190907.3871884 336
1722190909.3900878 336
1722190911.39265 335
1722190913.3954422 331
1722190915.3978515 337
1722190917.4006617 335
1722190919.40339 335
1722190921.405055 334
1722190923.4077966 335
1722190925.4104967 334
1722190927.4126492 332
1722190929.4152057 333
1722190931.4166327 334
1722190933.419101 335
1722190935.4217892 329
1722190937.4246466 334
1722190939.427441 335
1722190941.4302084 334
1722190943.4327695 333
1722190945.4356313 332
1722190947.4384122 332
1722190949.4410012 332
1722190951.4437366 335
1722190953.4465213 332
1722190955.4493432 330
1722190957.452072 330
1722190959.454866 334
1722190961.457484 334
1722190963.4603124 333
1722190965.4631243 333
1722190967.4659195 334
1722190969.4687016 331
1722190971.4712272 334
1722190973.472337 333
1722190975.4751112 333
1722190977.4776542 332
1722190979.480219 333
1722190981.482778 330
1722190983.485358 332
1722190985.487925 331
1722190987.4912724 331
1722190989.4940755 331
1722190991.4968429 334
1722190993.4996297 332
1722190995.5024025 331
1722190997.5051754 329
1722190999.5080194 328
1722191001.5107412 329
1722191003.5137327 329
1722191005.516337 330
1722191007.5191264 332
1722191009.5204341 331
1722191011.5232677 327
1722191013.5262256 329
1722191015.528894 331
1722191017.5316913 325
1722191019.5344632 329
1722191021.5369716 330
1722191023.5394983 330
1722191025.5422482 329
1722191027.5450344 332
1722191029.5478103 330
1722191031.5503209 326
1722191033.5531628 329
1722191035.5556805 329
1722191037.558489 329
1722191039.561281 329
1722191041.5639424 329
1722191043.566456 328
1722191045.5692513 328
1722191047.5720186 328
1722191049.5747843 327
1722191051.5775776 327
1722191053.5804324 328
1722191055.5829573 326
1722191057.5855985 328
1722191059.588443 330
1722191061.591123 328
1722191063.5939367 329
1722191065.5963798 326
1722191067.5991547 330
1722191069.6016624 327
1722191071.6044686 325
1722191073.607212 322
1722191075.6099858 327
1722191077.612842 326
1722191079.6153831 328
1722191081.6181197 328
1722191083.6206803 326
1722191085.623263 325
1722191087.6261046 327
1722191089.6286802 325
1722191091.631449 324
1722191093.6343222 328
1722191095.6367981 326
1722191097.6395562 325
1722191099.6424031 326
1722191101.6443417 325
1722191103.6452816 325
1722191105.64661 326
1722191107.6486464 322
1722191109.651409 322
1722191111.6523695 324
1722191113.655212 323
1722191115.656329 326
1722191117.659101 325
1722191119.6603644 325
1722191121.6631048 324
1722191123.6659434 326
1722191125.6687117 324
1722191127.6713607 324
1722191129.672253 323
1722191131.675036 321
1722191133.6776347 322
1722191135.6803935 324
1722191137.6831157 323
1722191139.6859002 325
1722191141.688715 326
1722191143.6918366 323
1722191145.6926587 321
1722191147.6954503 323
1722191149.698241 324
1722191151.7010381 321
1722191153.7039714 326
1722191155.7066329 322
1722191157.7094655 320
1722191159.71223 321
1722191161.7150347 325
1722191163.717504 319
1722191165.7203646 321
1722191167.7231464 323
1722191169.7257326 319
1722191171.7286184 323
1722191173.7313771 322
1722191175.7340176 321
1722191177.7364385 320
1722191179.7391794 320
1722191181.7417493 321
1722191183.7445767 320
1722191185.7473445 323
1722191187.7501924 319
1722191189.7528253 319
1722191191.7556407 319
1722191193.7566938 317
1722191195.7596352 321
1722191197.7607958 319
1722191199.7620583 322
1722191201.76454 322
1722191203.7673755 317
1722191205.770737 319
1722191207.773574 319
1722191209.7760584 318
1722191211.7788599 315
1722191213.7816253 321
1722191215.78429 320
1722191217.786921 320
1722191219.789689 315
1722191221.7924273 317
1722191223.7952 319
1722191225.798106 319
1722191227.8008757 316
1722191229.803672 320
1722191231.8069394 320
1722191233.809723 319
1722191235.8124833 318
1722191237.8152738 314
1722191239.818642 320
1722191241.8213873 318
1722191243.8220718 317
1722191245.8246965 318
1722191247.8275988 319
1722191249.828288 316
1722191251.8310606 317
1722191253.8338466 317
1722191255.836629 317
1722191257.8392532 317
1722191259.8409414 315
1722191261.8436902 316
1722191263.8464513 314
1722191265.849018 318
1722191267.8518147 316
1722191269.8548098 317
1722191271.8576345 315
1722191273.860436 314
1722191275.8632255 315
1722191277.866042 318
1722191279.8686278 312
1722191281.8714538 316
1722191283.8743646 316
1722191285.8771586 316
1722191287.879971 316
1722191289.8832407 317
1722191291.8860664 318
1722191293.8885555 317
1722191295.8913553 317
1722191297.8941538 315
1722191299.8967447 316
1722191301.899486 313
1722191303.902255 314
1722191305.904639 316
1722191307.907121 311
1722191309.9096677 315
1722191311.9126065 314
1722191313.915357 313
1722191315.9178598 313
1722191317.9205823 313
1722191319.9233863 313
1722191321.9262486 312
1722191323.9285913 314
1722191325.9313805 314
1722191327.933938 310
1722191329.9367537 312
1722191331.93959 315
1722191333.9423501 314
1722191335.945147 309
1722191337.9479759 311
1722191339.9507697 310
1722191341.953581 311
1722191343.9564104 311
1722191345.959378 312
1722191347.9618971 310
1722191349.9644241 311
1722191351.9671273 311
1722191353.9698584 311
1722191355.9726129 309
1722191357.975205 311
1722191359.9766324 312
1722191361.9794538 312
1722191363.9804277 307
1722191365.9831886 311
1722191367.9860032 310
1722191369.9883177 310
1722191371.991091 311
1722191373.9943576 310
1722191375.997198 310
1722191378.000024 308
1722191380.0029397 307
1722191382.0057044 310
1722191384.0082462 310
1722191386.011558 309
1722191388.0123186 308
1722191390.0151875 310
1722191392.0179803 309
1722191394.0195436 306
1722191396.0203953 307
1722191398.0229235 306
1722191400.0245764 308
1722191402.027146 308
1722191404.0300467 305
1722191406.0325723 310
1722191408.0353115 308
1722191410.0385957 308
1722191412.041392 307
1722191414.0440357 307
1722191416.0468338 308
1722191418.048458 303
1722191420.0512784 308
1722191422.0540385 307
1722191424.0570662 308
1722191426.0595028 307
1722191428.0603974 306
1722191430.0627668 303
1722191432.0655088 306
1722191434.0682976 306
1722191436.0707796 307
1722191438.0726087 305
1722191440.0754 302
1722191442.078529 305
1722191444.080647 304
1722191446.0835252 303
1722191448.0863798 305
1722191450.0891128 303
1722191452.0919583 304
1722191454.094748 304
1722191456.0975323 304
1722191458.1003697 303
1722191460.1032188 302
1722191462.1046486 303
1722191464.1074426 304
1722191466.1100357 304
1722191468.1127622 300
1722191470.1156144 304
1722191472.116622 303
1722191474.1193993 303
1722191476.1207056 303
1722191478.1237507 303
1722191480.126571 302
1722191482.1294138 304
1722191484.1320536 301
1722191486.1347227 305
1722191488.1376243 303
1722191490.1403358 302
1722191492.1430972 303
1722191494.1443262 301
1722191496.1469092 302
1722191498.1497345 301
1722191500.152527 297
1722191502.1550791 302
1722191504.1578336 299
1722191506.1606042 303
1722191508.163442 301
1722191510.1641195 300
1722191512.1669283 303
1722191514.169779 300
1722191516.1725793 302
1722191518.1753573 303
1722191520.177946 300
1722191522.180721 301
1722191524.1834736 300
1722191526.1863015 300
1722191528.1891148 297
1722191530.1927319 301
1722191532.195659 300
1722191534.1984417 303
1722191536.200354 304
1722191538.203173 299
1722191540.205929 298
1722191542.2085624 301
1722191544.2113843 298
1722191546.2142 298
1722191548.2175317 298
1722191550.2200532 302
1722191552.2227006 296
1722191554.2245898 298
1722191556.2276354 295
1722191558.2302244 296
1722191560.2327962 297
1722191562.2354498 296
1722191564.2382872 299
1722191566.2403293 296
1722191568.2431302 293
1722191570.245962 298
1722191572.2487166 297
1722191574.2514777 297
1722191576.2542188 297
1722191578.2569575 299
1722191580.2597463 296
1722191582.262531 293
1722191584.2654908 295
1722191586.2683184 296
1722191588.2710772 295
1722191590.2737458 298
1722191592.2765348 298
1722191594.2793398 297
1722191596.280386 299
1722191598.2824752 298
1722191600.2853265 296
1722191602.2880735 296
1722191604.2908285 296
1722191606.2935567 295
1722191608.296353 297
1722191610.2991486 294
1722191612.302101 292
1722191614.3047097 294
1722191616.3075976 294
1722191618.3101852 294
1722191620.3127513 294
1722191622.3156173 294
1722191624.3183959 293
1722191626.3204281 294
1722191628.323219 294
1722191630.3260288 293
1722191632.3285816 294
1722191634.3313274 292
1722191636.3341014 293
1722191638.3366582 290
1722191640.3394432 295
1722191642.342221 294
1722191644.3443606 295
1722191646.3471503 292
1722191648.348259 293
1722191650.3510702 292
1722191652.3539548 293
1722191654.3566597 290
1722191656.359427 292
1722191658.362217 292
1722191660.3650293 291
1722191662.3678255 294
1722191664.3706155 291
1722191666.37321 288
1722191668.3760262 292
1722191670.3787513 292
1722191672.3815074 291
1722191674.3842912 292
1722191676.3868542 290
1722191678.3884087 290
1722191680.3909466 286
1722191682.3937044 289
1722191684.3964903 289
1722191686.3993168 290
1722191688.4021256 285
1722191690.4048734 288
1722191692.4076402 286
1722191694.4104471 286
1722191696.41323 289
1722191698.4158187 287
1722191700.4187632 287
1722191702.4215431 285
1722191704.4243524 287
1722191706.4270897 288
1722191708.4299178 288
1722191710.4326816 285
1722191712.435256 283
1722191714.437777 285
1722191716.440554 287
1722191718.4431355 287
1722191720.44589 286
1722191722.4486322 288
1722191724.4512906 286
1722191726.453985 287
1722191728.4566114 287
1722191730.459383 287
1722191732.4621975 285
1722191734.4647522 286
1722191736.4674954 287
1722191738.4700816 286
1722191740.4727044 286
1722191742.4753017 286
1722191744.4765215 285
1722191746.4792602 284
1722191748.481932 283
1722191750.484722 285
1722191752.487521 285
1722191754.4902706 285
1722191756.4931 282
1722191758.495758 284
1722191760.498555 284
1722191762.5010982 284
1722191764.5036967 283
1722191766.506152 285
1722191768.508627 280
1722191770.5114706 283
1722191772.5140615 282
1722191774.5169346 283
1722191776.51944 283
1722191778.5207112 282
1722191780.5233774 281
1722191782.5244644 281
1722191784.5272214 281
1722191786.5299594 279
1722191788.53271 280
1722191790.5352542 283
1722191792.536325 279
1722191794.5390732 282
1722191796.5413883 280
1722191798.5441263 281
1722191800.547154 281
1722191802.549914 280
1722191804.5530684 282
1722191806.555895 280
1722191808.5591037 281
1722191810.5618386 278
1722191812.5646234 280
1722191814.5675635 279
1722191816.570273 278
1722191818.5728672 276
1722191820.5756228 280
1722191822.5766268 278
1722191824.5778263 277
1722191826.5803835 278
1722191828.5831628 278
1722191830.5859516 281
1722191832.588714 280
1722191834.5916216 276
1722191836.59417 277
1722191838.5962613 273
1722191840.5988739 280
1722191842.6016145 277
1722191844.6043596 277
1722191846.607165 276
1722191848.6099796 274
1722191850.6128478 277
1722191852.6156716 275
1722191854.6184828 277
1722191856.6212752 276
1722191858.6242309 275
1722191860.6270626 276
1722191862.628666 276
1722191864.6313152 276
1722191866.6341066 274
1722191868.6366909 276
1722191870.639473 276
1722191872.6422594 271
1722191874.6448562 275
1722191876.6474264 273
1722191878.6501737 275
1722191880.6530519 274
1722191882.6558416 274
1722191884.6587584 273
1722191886.661546 275
1722191888.6644027 273
1722191890.6669285 274
1722191892.6693897 273
1722191894.6718524 273
1722191896.6746776 273
1722191898.677209 270
1722191900.6797554 271
1722191902.6826146 269
1722191904.6853154 271
1722191906.687995 269
1722191908.6906915 272
1722191910.693416 272
1722191912.696157 270
1722191914.698896 273
1722191916.7014828 271
1722191918.7041554 270
1722191920.7069762 269
1722191922.709752 269
1722191924.7125232 268
1722191926.7153049 270
1722191928.7180567 270
1722191930.7206278 270
1722191932.723447 270
1722191934.7262707 271
1722191936.7288496 271
1722191938.7316463 267
1722191940.7344744 268
1722191942.7372468 268
1722191944.739996 270
1722191946.742802 267
1722191948.7457402 268
1722191950.7483833 269
1722191952.75108 269
1722191954.753928 265
1722191956.7566748 270
1722191958.75918 267
1722191960.7604094 268
1722191962.7631536 269
1722191964.7659466 268
1722191966.7687206 265
1722191968.7713172 266
1722191970.7740984 266
1722191972.77691 268
1722191974.7796304 267
1722191976.7823577 269
1722191978.7851608 271
1722191980.7879605 270
1722191982.7906964 273
1722191984.7931592 274
1722191986.795797 273
1722191988.7987328 273
1722191990.8015773 271
1722191992.8049586 271
1722191994.8076625 268
1722191996.810239 271
1722191998.812778 268
1722192000.815568 266
1722192002.8180237 268
1722192004.820838 269
1722192006.8235357 269
1722192008.8263228 270
1722192010.8291447 272
1722192012.8319554 269
1722192014.8347988 268
1722192016.8374062 268
1722192018.839992 268
1722192020.8408926 267
1722192022.843758 268
1722192024.844812 273
1722192026.847476 267
1722192028.8502235 274
1722192030.8530254 270
1722192032.8559036 320
1722192034.8586335 321
1722192036.861608 320
1722192038.8643265 323
1722192040.867225 319
1722192042.8701756 320
1722192044.8729167 320
1722192046.8757067 321
1722192048.876628 318
1722192050.879188 320
1722192052.8816173 320
1722192054.8844244 321
1722192056.8868446 323
1722192058.8896194 319
1722192060.8922453 320
1722192062.894875 319
1722192064.8975787 318
1722192066.900422 319
1722192068.902882 319
1722192070.9057214 317
1722192072.9085784 317
1722192074.9113626 318
1722192076.9141483 316
1722192078.9164553 318
1722192080.9190843 317
1722192082.9218707 316
1722192084.924642 317
1722192086.9272435 318
1722192088.9300144 315
1722192090.932627 315
1722192092.9354153 320
1722192094.93821 317
1722192096.9407475 316
1722192098.9434874 318
1722192100.945917 315
1722192102.9487627 313
1722192104.9515414 316
1722192106.9542868 316
1722192108.957071 316
1722192110.9599702 314
1722192112.9625444 316
1722192114.9651375 316
1722192116.9679668 313
1722192118.9706745 314
1722192120.9731894 313
1722192122.976087 311
1722192124.978871 313
1722192126.9817636 314
1722192128.9845662 310
1722192130.9873326 313
1722192132.9901254 312
1722192134.9927492 311
1722192136.995536 314
1722192138.9980755 314
1722192141.0003328 312
1722192143.0030675 311
1722192145.0057776 311
1722192147.0083702 308
1722192149.011009 313
1722192151.0136127 313
1722192153.0163794 311
1722192155.0191514 310
1722192157.0216293 312
1722192159.0243413 312
1722192161.026781 309
1722192163.0297968 312
1722192165.0323038 308
1722192167.0350635 307
1722192169.0363777 309
1722192171.0391216 310
1722192173.040589 306
1722192175.043292 309
1722192177.045249 309
1722192179.0477934 309
1722192181.0484314 311
1722192183.0508974 302
1722192185.0526404 305
1722192187.0553439 306
1722192189.058244 307
1722192191.0607936 307
1722192193.0635622 308
1722192195.0666492 303
1722192197.069419 302
1722192199.0723157 307
1722192201.073283 306
1722192203.0761487 304
1722192205.0788682 305
1722192207.0816133 304
1722192209.0841253 306
1722192211.0870032 303
1722192213.0897803 300
1722192215.0926828 301
1722192217.095441 306
1722192219.0983372 302
1722192221.1008348 298
1722192223.1017377 307
1722192225.1047678 305
1722192227.1075158 304
1722192229.1101034 303
1722192231.1126678 305
1722192233.1155188 304
1722192235.1181154 302
1722192237.1214657 304
1722192239.12422 302
1722192241.1266558 300
1722192243.1294403 302
1722192245.1322377 301
1722192247.1351275 302
1722192249.1379359 299
1722192251.1403494 300
1722192253.1432245 301
1722192255.145795 299
1722192257.1483214 299
1722192259.1511068 299
1722192261.1523523 300
1722192263.1549478 300
1722192265.1575098 299
1722192267.1601217 299
1722192269.1631749 299
1722192271.165996 297
1722192273.1693702 299
1722192275.1719089 295
1722192277.1747274 297
1722192279.1766725 298
1722192281.1793923 298
1722192283.1820593 294
1722192285.1827388 297
1722192287.1852431 295
1722192289.1881096 297
1722192291.190923 294
1722192293.1936927 294
1722192295.1963181 296
1722192297.1991441 295
1722192299.2006974 298
1722192301.2032995 294
1722192303.2060924 295
1722192305.208633 293
1722192307.2101204 295
1722192309.2126977 292
1722192311.2154284 291
1722192313.2183194 295
1722192315.2211611 294
1722192317.2238293 296
1722192319.226798 291
1722192321.2292655 293
1722192323.2321608 291
1722192325.2349916 293
1722192327.2377825 290
1722192329.2405472 293
1722192331.2434156 291
1722192333.2462065 290
1722192335.248673 290
1722192337.251373 288
1722192339.2522848 292
1722192341.255146 292
1722192343.2579494 288
1722192345.2606466 287
1722192347.2634683 290
1722192349.2662568 288
1722192351.2689748 289
1722192353.271838 290
1722192355.2726703 291
1722192357.275249 289
1722192359.2774754 285
1722192361.279941 288
1722192363.2828417 288
1722192365.284574 288
1722192367.287353 287
1722192369.290097 287
1722192371.2929819 289
1722192373.2957625 285
1722192375.29844 287
1722192377.3012927 287
1722192379.3040621 286
1722192381.3066792 285
1722192383.3094811 289
1722192385.312253 286
1722192387.314823 287
1722192389.317681 285
1722192391.3206375 286
1722192393.3235228 283
1722192395.3263493 286
1722192397.3291922 282
1722192399.3320475 286
1722192401.334644 284
1722192403.337432 284
1722192405.340015 282
1722192407.343098 284
1722192409.3460755 284
1722192411.3488185 282
1722192413.3515542 280
1722192415.353119 281
1722192417.3559144 285
1722192419.358718 280
1722192421.3616092 283
1722192423.3641937 286
1722192425.3669636 280
1722192427.3682702 283
1722192429.371015 280
1722192431.3724308 280
1722192433.375265 281
1722192435.3780904 279
1722192437.3807073 277
1722192439.383514 282
1722192441.3863325 281
1722192443.3890083 278
1722192445.3918555 280
1722192447.3947232 281
1722192449.396653 280
1722192451.3995926 278
1722192453.402088 278
1722192455.4046938 276
1722192457.4071846 278
1722192459.4100835 274
1722192461.4126296 279
1722192463.4152448 274
1722192465.4163053 279
1722192467.418874 278
1722192469.4206913 278
1722192471.4231465 275
1722192473.4242978 276
1722192475.4267397 277
1722192477.4286418 277
1722192479.4315708 275
1722192481.43438 276
1722192483.4367414 275
1722192485.439741 274
1722192487.4404433 278
1722192489.4433515 275
1722192491.444329 274
1722192493.4454153 276
1722192495.4481485 274
1722192497.450788 272
1722192499.453353 271
1722192501.456282 274
1722192503.4589093 272
1722192505.4617696 273
1722192507.4648986 272
1722192509.4677236 273
1722192511.4707727 271
1722192513.4736023 271
1722192515.476535 268
1722192517.4781797 269
1722192519.4809651 271
1722192521.483581 272
1722192523.484274 268
1722192525.4872112 272
1722192527.489105 269
1722192529.4918995 270
1722192531.494831 270
1722192533.4975116 269
1722192535.500129 269
1722192537.5028958 267
1722192539.505464 270
1722192541.5079677 267
1722192543.5112195 267
1722192545.514119 270
1722192547.516711 269
1722192549.5195916 265
1722192551.5225081 267
1722192553.5247543 267
1722192555.5275629 267
1722192557.5286987 266
1722192559.5315545 267
1722192561.534382 267
1722192563.536228 266
1722192565.5386615 267
1722192567.540393 267
1722192569.5430036 268
1722192571.54437 262
1722192573.546813 265
1722192575.5496838 266
1722192577.5523071 265
1722192579.5550067 264
1722192581.5574734 263
1722192583.560341 263
1722192585.5631077 266
1722192587.565896 263
1722192589.5683758 263
1722192591.5712152 263
1722192593.572572 264
1722192595.5756202 263
1722192597.5782137 262
1722192599.5810468 264
1722192601.5838256 263
1722192603.5846198 261
1722192605.5871592 260
1722192607.5898955 263
1722192609.5927098 261
1722192611.595192 262
1722192613.5963821 257
1722192615.5990958 259
1722192617.6018374 262
1722192619.6046298 264
1722192621.6074553 260
1722192623.6102188 258
1722192625.6129732 260
1722192627.615945 260
1722192629.619405 258
1722192631.622251 257
1722192633.6250508 258
1722192635.6277652 258
1722192637.6305625 256
1722192639.6326048 258
1722192641.6354196 256
1722192643.6363525 256
1722192645.6394193 257
1722192647.6422966 258
1722192649.644827 258
1722192651.6475558 257
1722192653.6483521 256
1722192655.6511931 257
1722192657.6538038 255
1722192659.656566 252
1722192661.6593518 253
1722192663.662258 255
1722192665.664967 255
1722192667.6677427 250
1722192669.6682572 250
1722192671.6710927 252
1722192673.6738298 252
1722192675.6766589 249
1722192677.679344 251
1722192679.6820872 256
1722192681.6848164 251
1722192683.6875849 253
1722192685.6903744 253
1722192687.6926303 255
1722192689.6953902 253
1722192691.698165 253
1722192693.7007222 252
1722192695.703552 251
1722192697.706361 252
1722192699.709156 252
1722192701.7120051 251
1722192703.7145562 251
1722192705.7173755 251
1722192707.7202365 250
1722192709.7229052 249
1722192711.725764 249
1722192713.728353 252
1722192715.7311924 249
1722192717.7339914 250
1722192719.7364306 248
1722192721.7390246 249
1722192723.7415128 247
1722192725.7443206 247
1722192727.747136 249
1722192729.7500167 248
1722192731.752816 247
1722192733.7556162 248
1722192735.7583506 246
1722192737.761247 248
1722192739.7640345 249
1722192741.7668695 246
1722192743.7698822 247
1722192745.7724543 245
1722192747.7749348 245
1722192749.7777276 245
1722192751.78055 244
1722192753.7833393 246
1722192755.7860055 247
1722192757.7886016 243
1722192759.7913506 242
1722192761.7940469 245
1722192763.7965696 243
1722192765.7991278 241
1722192767.8016653 238
1722192769.8042898 243
1722192771.8070729 243
1722192773.8096297 238
1722192775.8124454 239
1722192777.8157606 239
1722192779.818361 239
1722192781.8211544 240
1722192783.8239825 240
1722192785.826784 238
1722192787.829585 240
1722192789.8324351 240
1722192791.835161 237
1722192793.8365827 241
1722192795.8393588 240
1722192797.840808 238
1722192799.8433313 240
1722192801.850035 237
1722192803.8523114 239
1722192805.8550906 240
1722192807.8566449 238
1722192809.8593192 236
1722192811.8604212 238
1722192813.863065 236
1722192815.8644485 239
1722192817.867237 236
1722192819.8700185 237
1722192821.8726 236
1722192823.8753886 235
1722192825.876413 238
1722192827.8793244 236
1722192829.8821495 237
1722192831.8848991 234
1722192833.8873668 236
1722192835.8902395 236
1722192837.8930135 235
1722192839.895705 235
1722192841.898567 234
1722192843.901117 233
1722192845.904101 232
1722192847.906975 233
1722192849.9098117 233
1722192851.9123352 235
1722192853.9151273 231
1722192855.9177947 229
1722192857.9203293 234
1722192859.922909 232
1722192861.9256468 231
1722192863.9282217 232
1722192865.9310672 231
1722192867.9336536 232
1722192869.9362206 230
1722192871.938807 232
1722192873.9404824 228
1722192875.941319 228
1722192877.9438393 230
1722192879.946416 230
1722192881.948584 226
1722192883.9510477 229
1722192885.953937 230
1722192887.9564104 228
1722192889.958975 225
1722192891.9617515 227
1722192893.9642093 229
1722192895.9669526 225
1722192897.9698155 225
1722192899.97259 227
1722192901.975333 224
1722192903.9763203 224
1722192905.9787874 225
1722192907.980347 226
1722192909.9829128 224
1722192911.98452 223
1722192913.9869425 225
1722192915.9897292 223
1722192917.9923322 224
1722192919.9949284 225
1722192921.9974241 222
1722192923.9999735 222
1722192926.0024958 223
1722192928.005243 218
1722192930.0078204 221
1722192932.011005 222
1722192934.0137649 224
1722192936.0163689 221
1722192938.0191374 221
1722192940.021846 219
1722192942.0246434 219
1722192944.0272627 218
1722192946.03002 220
1722192948.0325496 218
1722192950.0350745 220
1722192952.0363898 217
1722192954.038864 216
1722192956.0404139 218
1722192958.0432851 218
1722192960.0447416 218
1722192962.0476983 218
1722192964.0506 215
1722192966.052833 216
1722192968.0556228 216
1722192970.0583575 217
1722192972.0606303 215
1722192974.0635083 217
1722192976.0662723 214
1722192978.0685644 217
1722192980.0715344 216
1722192982.0726793 218
1722192984.0732055 212
1722192986.075967 212
1722192988.0787134 212
1722192990.0814505 214
1722192992.0842476 213
1722192994.0868347 212
1722192996.0897899 213
1722192998.092588 211
1722193000.095346 213
1722193002.0981016 212
1722193004.100673 212
1722193006.1033561 211
1722193008.106662 209
1722193010.1094909 212
1722193012.1119006 210
1722193014.1145618 212
1722193016.1165636 210
1722193018.1193352 211
1722193020.122117 211
1722193022.1246111 207
1722193024.1274352 210
1722193026.1298845 210
1722193028.1326404 210
1722193030.1352448 209
1722193032.138096 209
1722193034.1412873 209
1722193036.1440623 207
1722193038.146835 211
1722193040.1495728 209
1722193042.1523726 207
1722193044.15484 206
1722193046.1566513 207
1722193048.1592267 206
1722193050.1618433 205
1722193052.1645963 207
1722193054.1673076 205
1722193056.170095 202
1722193058.1728663 205
1722193060.1756105 203
1722193062.1781726 206
1722193064.1802785 206
1722193066.182841 204
1722193068.1844814 202
1722193070.1872764 204
1722193072.190066 203
1722193074.1926286 203
1722193076.195434 203
1722193078.198163 205
1722193080.2010138 203
1722193082.204091 201
1722193084.2065632 204
1722193086.2093356 201
1722193088.2120821 201
1722193090.2148325 202
1722193092.217625 201
1722193094.2203734 200
1722193096.2229578 196
1722193098.2259305 200
1722193100.2285867 198
1722193102.2313902 202
1722193104.2341847 201
1722193106.2370226 201
1722193108.2398417 200
1722193110.2428057 202
1722193112.2444115 199
1722193114.2472167 201
1722193116.2497013 199
1722193118.2523847 197
1722193120.2550638 199
1722193122.258101 198
1722193124.2609067 200
1722193126.263468 196
1722193128.2659848 198
1722193130.2687914 195
1722193132.271659 196
1722193134.2723181 196
1722193136.2752402 198
1722193138.276454 195
1722193140.2790182 198
1722193142.2814522 192
1722193144.2839706 195
1722193146.2846658 193
1722193148.2871392 194
1722193150.289927 195
1722193152.2925313 192
1722193154.29543 193
1722193156.298242 194
1722193158.3004584 194
1722193160.303271 192
1722193162.305975 193
1722193164.3084724 191
1722193166.3112442 189
1722193168.3138504 190
1722193170.317224 191
1722193172.3199947 191
1722193174.3225427 188
1722193176.3245146 190
1722193178.327309 191
1722193180.3282795 190
1722193182.3308864 187
1722193184.3334942 190
1722193186.3363562 186
1722193188.3391771 187
1722193190.340372 187
1722193192.3428047 184
1722193194.3455155 186
1722193196.3483353 186
1722193198.350923 187
1722193200.353947 186
1722193202.3564227 186
1722193204.358886 185
1722193206.3613703 183
1722193208.363925 184
1722193210.36643 185
1722193212.3689764 186
1722193214.3715794 185
1722193216.3723295 184
1722193218.3751757 183
1722193220.3764484 180
1722193222.3792233 184
1722193224.3817205 184
1722193226.3845015 181
1722193228.3870642 180
1722193230.3883405 179
1722193232.3909543 179
1722193234.3935034 179
1722193236.3962646 179
1722193238.3989334 177
1722193240.4016616 181
1722193242.4044695 180
1722193244.4065518 176
1722193246.4089763 179
1722193248.4114895 179
1722193250.412372 179
1722193252.4154015 177
1722193254.4181228 176
1722193256.4203272 177
1722193258.4230917 178
1722193260.4259026 177
1722193262.4283168 180
1722193264.4308095 177
1722193266.4323833 177
1722193268.434947 175
1722193270.4375823 175
1722193272.440065 175
1722193274.4425652 174
1722193276.4450297 172
1722193278.4474895 173
1722193280.4483318 172
1722193282.450561 173
1722193284.4529743 172
1722193286.4555326 171
1722193288.45817 169
1722193290.4603262 172
1722193292.4632573 171
1722193294.4644418 170
1722193296.4673662 169
1722193298.470401 169
1722193300.4727407 170
1722193302.4755363 173
1722193304.476316 170
1722193306.4792845 172
1722193308.482188 170
1722193310.4850585 168
1722193312.4876592 169
1722193314.49048 169
1722193316.493339 168
1722193318.4957635 170
1722193320.4986064 168
1722193322.5008733 169
1722193324.5033772 169
1722193326.5061774 166
1722193328.5090125 167
1722193330.5118437 165
1722193332.5144525 164
1722193334.5166245 166
1722193336.519435 166
1722193338.5207253 165
1722193340.5235116 163
1722193342.52628 166
1722193344.5290082 162
1722193346.5317369 166
1722193348.5343783 163
1722193350.5363278 163
1722193352.5393062 164
1722193354.540958 166
1722193356.5437286 164
1722193358.546748 161
1722193360.5491786 161
1722193362.5519743 163
1722193364.5549166 163
1722193366.5578232 159
1722193368.5607753 159
1722193370.5636086 160
1722193372.5662823 158
1722193374.5688853 157
1722193376.5714633 163
1722193378.5743418 156
1722193380.576644 160
1722193382.5795002 159
1722193384.5823154 159
1722193386.5851383 160
1722193388.5880055 160
1722193390.5907626 159
1722193392.5925102 157
1722193394.5953844 158
1722193396.5981867 157
1722193398.600765 155
1722193400.6035879 156
1722193402.6061609 157
1722193404.6086226 155
1722193406.6114333 156
1722193408.6126833 156
1722193410.6151128 156
1722193412.6165774 154
1722193414.619194 156
1722193416.6217022 154
1722193418.6241887 153
1722193420.6269338 155
1722193422.6286287 154
1722193424.6314015 154
1722193426.6327243 152
1722193428.6355147 152
1722193430.6383216 151
1722193432.640345 154
1722193434.6431353 149
1722193436.6457767 153
1722193438.6470032 152
1722193440.648344 149
1722193442.6510067 153
1722193444.652309 150
1722193446.6555867 150
1722193448.658393 148
1722193450.6613004 151
1722193452.6641095 147
1722193454.6668277 150
1722193456.6695445 146
1722193458.671983 146
1722193460.6744673 145
1722193462.6773136 147
1722193464.6783657 147
1722193466.6802807 147
1722193468.683182 147
1722193470.6846683 145
1722193472.687453 145
1722193474.6902194 145
1722193476.6934972 144
1722193478.696301 144
1722193480.6991303 144
1722193482.7018888 145
1722193484.704402 144
1722193486.7072508 142
1722193488.7087255 143
1722193490.7115133 144
1722193492.714403 142
1722193494.7169456 140
1722193496.7183034 143
1722193498.7204492 141
1722193500.723313 140
1722193502.72609 143
1722193504.7289023 139
1722193506.731685 140
1722193508.7344556 141
1722193510.737135 141
1722193512.739705 139
1722193514.7405496 138
1722193516.743313 140
1722193518.7458935 139
1722193520.7484503 139
1722193522.7508128 139
1722193524.752619 138
1722193526.7553744 136
1722193528.7581758 137
1722193530.7607586 136
1722193532.7635708 138
1722193534.7661986 134
1722193536.7687647 135
1722193538.771204 134
1722193540.772611 136
1722193542.7753718 136
1722193544.7764308 134
1722193546.779031 132
1722193548.7805178 135
1722193550.7826807 135
1722193552.7846744 134
1722193554.787348 134
1722193556.7901344 133
1722193558.7929227 130
1722193560.7957397 131
1722193562.796639 130
1722193564.799235 130
1722193566.8020356 132
1722193568.8045962 133
1722193570.8070173 130
1722193572.8084624 130
1722193574.8113103 131
1722193576.8139822 130
1722193578.8173294 126
1722193580.820083 129
1722193582.8230743 129
1722193584.8262243 126
1722193586.8289554 128
1722193588.8317232 128
1722193590.8324373 127
1722193592.835214 128
1722193594.8379755 129
1722193596.8406217 128
1722193598.8431854 127
1722193600.8459413 124
1722193602.849008 124
1722193604.8518236 123
1722193606.8549767 126
1722193608.857718 124
1722193610.8607094 126
1722193612.863475 126
1722193614.8662715 126
1722193616.8687966 122
1722193618.8713496 123
1722193620.873828 122
1722193622.876492 124
1722193624.8792531 124
1722193626.8820329 123
1722193628.884625 122
1722193630.8874297 121
1722193632.8886318 122
1722193634.8914323 120
1722193636.894037 120
1722193638.8951154 118
1722193640.8978834 120
1722193642.900552 121
1722193644.903177 118
1722193646.9056363 121
1722193648.9083865 117
1722193650.910983 119
1722193652.9124029 119
1722193654.9149146 119
1722193656.9176264 117
1722193658.920128 116
1722193660.9227986 118
1722193662.925341 118
1722193664.9282784 118
1722193666.931093 115
1722193668.9326103 115
1722193670.935284 111
1722193672.9381413 116
1722193674.9407568 112
1722193676.943535 114
1722193678.946008 115
1722193680.948628 113
1722193682.951242 115
1722193684.95404 115
1722193686.9563425 114
1722193688.958995 113
1722193690.96181 115
1722193692.9645932 116
1722193694.9675522 109
1722193696.9705064 111
1722193698.9729764 114
1722193700.9758928 112
1722193702.9787664 112
1722193704.9816515 112
1722193706.9845483 111
1722193708.9873917 111
1722193710.9900944 111
1722193712.9929621 110
1722193714.9958065 110
1722193716.9986053 111
1722193719.001159 109
1722193721.0039759 109
1722193723.006638 109
1722193725.008364 109
1722193727.0112078 109
1722193729.0132313 110
1722193731.015704 107
1722193733.018133 108
1722193735.0208857 105
1722193737.0237026 107
1722193739.0266304 105
1722193741.0294197 106
1722193743.0319324 106
1722193745.034364 106
1722193747.0364685 107
1722193749.0387173 104
1722193751.040361 102
1722193753.0431573 101
1722193755.04427 104
1722193757.0470731 104
1722193759.0486085 104
1722193761.0513966 104
1722193763.0539498 104
1722193765.0564098 105
1722193767.0589879 103
1722193769.061733 101
1722193771.0641606 101
1722193773.0668805 104
1722193775.0696077 99
1722193777.0723686 99
1722193779.0751686 103
1722193781.077663 100
1722193783.0801868 100
1722193785.0830252 101
1722193787.0858176 101
1722193789.088627 100
1722193791.0914183 100
1722193793.0941677 99
1722193795.0969532 100
1722193797.0995724 100
1722193799.1023874 100
1722193801.1048815 100
1722193803.1074588 97
1722193805.1102107 99
1722193807.1118004 97
1722193809.1143734 98
1722193811.1172512 99
1722193813.1200342 95
1722193815.1228173 96
1722193817.1256373 96
1722193819.1283228 97
1722193821.130936 97
1722193823.1336312 96
1722193825.1363356 94
1722193827.13909 96
1722193829.141855 96
1722193831.144345 92
1722193833.1468477 94
1722193835.1495092 94
1722193837.151963 92
1722193839.1545727 94
1722193841.1570873 95
1722193843.1598403 92
1722193845.1626353 94
1722193847.1651957 91
1722193849.1679802 91
1722193851.1706843 92
1722193853.17345 94
1722193855.1761918 89
1722193857.178933 93
1722193859.1816695 90
1722193861.184243 92
1722193863.1868386 89
1722193865.1897457 89
1722193867.1925285 89
1722193869.1950347 87
1722193871.1978376 88
1722193873.2003725 90
1722193875.2031903 88
1722193877.2042928 89
1722193879.2070193 90
1722193881.2096238 90
1722193883.2123847 88
1722193885.2151601 87
1722193887.216418 86
1722193889.2191393 86
1722193891.221645 85
1722193893.2244155 88
1722193895.2272427 86
1722193897.2302227 84
1722193899.232959 86
1722193901.236045 86
1722193903.238572 86
1722193905.2413251 85
1722193907.2441275 83
1722193909.2466147 84
1722193911.249519 82
1722193913.252295 81
1722193915.2547328 84
1722193917.2566743 82
1722193919.2591498 84
1722193921.2615898 81
1722193923.2640224 82
1722193925.2666926 80
1722193927.268372 84
1722193929.270786 82
1722193931.272385 82
1722193933.275114 84
